test_task,score
fallacy_detection_cmv_adhominem_habernal18,0.5685
fallacy_detection_logic_jin22,0.2325
fallacy_detection_elecdeb60t020_goffredo23,0.0
scheme_classification_argu_saha23,0.1869
warrant_identification_semeval_2018_task_12_habernal18,0.3515
